3 0.742 0.39893617021276595 0.738 0.40425531914893614 0.738 0.43351063829787234 0.742 0.43882978723404253 0.75 0.43882978723404253 0.754 0.43351063829787234 0.754 0.40425531914893614 0.75 0.39893617021276595 
3 0.68 0.35638297872340424 0.676 0.3617021276595745 0.676 0.4601063829787234 0.68 0.4654255319148936 0.704 0.4654255319148936 0.706 0.4627659574468085 0.714 0.4627659574468085 0.716 0.4654255319148936 0.724 0.4654255319148936 0.726 0.4627659574468085 0.728 0.4627659574468085 0.732 0.4574468085106383 0.732 0.45478723404255317 0.734 0.4521276595744681 0.734 0.3670212765957447 0.73 0.3617021276595745 0.722 0.3617021276595745 0.718 0.3670212765957447 0.718 0.375 0.714 0.3803191489361702 0.712 0.3776595744680851 0.712 0.375 0.71 0.3723404255319149 0.71 0.36436170212765956 0.706 0.35904255319148937 0.702 0.35904255319148937 0.7 0.35638297872340424 
3 0.202 0.34308510638297873 0.2 0.34574468085106386 0.198 0.34574468085106386 0.19 0.35638297872340424 0.19 0.3617021276595745 0.188 0.36436170212765956 0.188 0.3723404255319149 0.186 0.375 0.186 0.39095744680851063 0.184 0.39361702127659576 0.184 0.425531914893617 0.182 0.42819148936170215 0.182 0.46808510638297873 0.184 0.47074468085106386 0.184 0.4787234042553192 0.192 0.48936170212765956 0.194 0.48936170212765956 0.196 0.4920212765957447 0.256 0.4920212765957447 0.258 0.48936170212765956 0.296 0.48936170212765956 0.3 0.48404255319148937 0.3 0.3484042553191489 0.296 0.34308510638297873 
3 0.58 0.3377659574468085 0.576 0.34308510638297873 0.576 0.4654255319148936 0.58 0.47074468085106386 0.622 0.47074468085106386 0.624 0.4734042553191489 0.638 0.4734042553191489 0.64 0.47074468085106386 0.652 0.47074468085106386 0.654 0.46808510638297873 0.656 0.46808510638297873 0.66 0.4627659574468085 0.66 0.3617021276595745 0.654 0.3537234042553192 0.652 0.3537234042553192 0.648 0.3484042553191489 0.646 0.3484042553191489 0.644 0.34574468085106386 0.642 0.34574468085106386 0.64 0.34308510638297873 0.63 0.34308510638297873 0.628 0.3404255319148936 0.594 0.3404255319148936 0.592 0.3377659574468085 
3 0.34 0.3351063829787234 0.338 0.3377659574468085 0.336 0.3377659574468085 0.332 0.34308510638297873 0.324 0.34308510638297873 0.32 0.3484042553191489 0.32 0.43617021276595747 0.322 0.43882978723404253 0.322 0.4734042553191489 0.326 0.4787234042553192 0.338 0.4787234042553192 0.342 0.4734042553191489 0.342 0.449468085106383 0.346 0.4441489361702128 0.354 0.4441489361702128 0.358 0.43882978723404253 0.358 0.3404255319148936 0.354 0.3351063829787234 
3 0.428 0.3324468085106383 0.426 0.3351063829787234 0.368 0.3351063829787234 0.364 0.3404255319148936 0.364 0.4734042553191489 0.368 0.4787234042553192 0.376 0.4787234042553192 0.378 0.47606382978723405 0.422 0.47606382978723405 0.424 0.4734042553191489 0.49 0.4734042553191489 0.492 0.47074468085106386 0.554 0.47074468085106386 0.556 0.4734042553191489 0.566 0.4734042553191489 0.57 0.46808510638297873 0.57 0.3537234042553192 0.568 0.35106382978723405 0.568 0.34308510638297873 0.564 0.3377659574468085 0.532 0.3377659574468085 0.53 0.3404255319148936 0.518 0.3404255319148936 0.514 0.34574468085106386 0.512 0.34574468085106386 0.508 0.35106382978723405 0.488 0.35106382978723405 0.486 0.3484042553191489 0.482 0.3484042553191489 0.478 0.34308510638297873 0.476 0.34308510638297873 0.474 0.3404255319148936 0.472 0.3404255319148936 0.47 0.3377659574468085 0.466 0.3377659574468085 0.464 0.3351063829787234 0.462 0.3351063829787234 0.46 0.3324468085106383 
3 0.742 0.39893617021276595 0.738 0.40425531914893614 0.738 0.43351063829787234 0.742 0.43882978723404253 0.75 0.43882978723404253 0.754 0.43351063829787234 0.754 0.40425531914893614 0.75 0.39893617021276595 
3 0.68 0.35638297872340424 0.676 0.3617021276595745 0.676 0.4601063829787234 0.68 0.4654255319148936 0.704 0.4654255319148936 0.706 0.4627659574468085 0.714 0.4627659574468085 0.716 0.4654255319148936 0.724 0.4654255319148936 0.726 0.4627659574468085 0.728 0.4627659574468085 0.732 0.4574468085106383 0.732 0.45478723404255317 0.734 0.4521276595744681 0.734 0.3670212765957447 0.73 0.3617021276595745 0.722 0.3617021276595745 0.718 0.3670212765957447 0.718 0.375 0.714 0.3803191489361702 0.712 0.3776595744680851 0.712 0.375 0.71 0.3723404255319149 0.71 0.36436170212765956 0.706 0.35904255319148937 0.702 0.35904255319148937 0.7 0.35638297872340424 
3 0.202 0.34308510638297873 0.2 0.34574468085106386 0.198 0.34574468085106386 0.19 0.35638297872340424 0.19 0.3617021276595745 0.188 0.36436170212765956 0.188 0.3723404255319149 0.186 0.375 0.186 0.39095744680851063 0.184 0.39361702127659576 0.184 0.425531914893617 0.182 0.42819148936170215 0.182 0.46808510638297873 0.184 0.47074468085106386 0.184 0.4787234042553192 0.192 0.48936170212765956 0.194 0.48936170212765956 0.196 0.4920212765957447 0.256 0.4920212765957447 0.258 0.48936170212765956 0.296 0.48936170212765956 0.3 0.48404255319148937 0.3 0.3484042553191489 0.296 0.34308510638297873 
3 0.58 0.3377659574468085 0.576 0.34308510638297873 0.576 0.4654255319148936 0.58 0.47074468085106386 0.622 0.47074468085106386 0.624 0.4734042553191489 0.638 0.4734042553191489 0.64 0.47074468085106386 0.652 0.47074468085106386 0.654 0.46808510638297873 0.656 0.46808510638297873 0.66 0.4627659574468085 0.66 0.3617021276595745 0.654 0.3537234042553192 0.652 0.3537234042553192 0.648 0.3484042553191489 0.646 0.3484042553191489 0.644 0.34574468085106386 0.642 0.34574468085106386 0.64 0.34308510638297873 0.63 0.34308510638297873 0.628 0.3404255319148936 0.594 0.3404255319148936 0.592 0.3377659574468085 
3 0.34 0.3351063829787234 0.338 0.3377659574468085 0.336 0.3377659574468085 0.332 0.34308510638297873 0.324 0.34308510638297873 0.32 0.3484042553191489 0.32 0.43617021276595747 0.322 0.43882978723404253 0.322 0.4734042553191489 0.326 0.4787234042553192 0.338 0.4787234042553192 0.342 0.4734042553191489 0.342 0.449468085106383 0.346 0.4441489361702128 0.354 0.4441489361702128 0.358 0.43882978723404253 0.358 0.3404255319148936 0.354 0.3351063829787234 
3 0.428 0.3324468085106383 0.426 0.3351063829787234 0.368 0.3351063829787234 0.364 0.3404255319148936 0.364 0.4734042553191489 0.368 0.4787234042553192 0.376 0.4787234042553192 0.378 0.47606382978723405 0.422 0.47606382978723405 0.424 0.4734042553191489 0.49 0.4734042553191489 0.492 0.47074468085106386 0.554 0.47074468085106386 0.556 0.4734042553191489 0.566 0.4734042553191489 0.57 0.46808510638297873 0.57 0.3537234042553192 0.568 0.35106382978723405 0.568 0.34308510638297873 0.564 0.3377659574468085 0.532 0.3377659574468085 0.53 0.3404255319148936 0.518 0.3404255319148936 0.514 0.34574468085106386 0.512 0.34574468085106386 0.508 0.35106382978723405 0.488 0.35106382978723405 0.486 0.3484042553191489 0.482 0.3484042553191489 0.478 0.34308510638297873 0.476 0.34308510638297873 0.474 0.3404255319148936 0.472 0.3404255319148936 0.47 0.3377659574468085 0.466 0.3377659574468085 0.464 0.3351063829787234 0.462 0.3351063829787234 0.46 0.3324468085106383 
3 0.742 0.39893617021276595 0.738 0.40425531914893614 0.738 0.43351063829787234 0.742 0.43882978723404253 0.75 0.43882978723404253 0.754 0.43351063829787234 0.754 0.40425531914893614 0.75 0.39893617021276595 
3 0.68 0.35638297872340424 0.676 0.3617021276595745 0.676 0.4601063829787234 0.68 0.4654255319148936 0.704 0.4654255319148936 0.706 0.4627659574468085 0.714 0.4627659574468085 0.716 0.4654255319148936 0.724 0.4654255319148936 0.726 0.4627659574468085 0.728 0.4627659574468085 0.732 0.4574468085106383 0.732 0.45478723404255317 0.734 0.4521276595744681 0.734 0.3670212765957447 0.73 0.3617021276595745 0.722 0.3617021276595745 0.718 0.3670212765957447 0.718 0.375 0.714 0.3803191489361702 0.712 0.3776595744680851 0.712 0.375 0.71 0.3723404255319149 0.71 0.36436170212765956 0.706 0.35904255319148937 0.702 0.35904255319148937 0.7 0.35638297872340424 
3 0.202 0.34308510638297873 0.2 0.34574468085106386 0.198 0.34574468085106386 0.19 0.35638297872340424 0.19 0.3617021276595745 0.188 0.36436170212765956 0.188 0.3723404255319149 0.186 0.375 0.186 0.39095744680851063 0.184 0.39361702127659576 0.184 0.425531914893617 0.182 0.42819148936170215 0.182 0.46808510638297873 0.184 0.47074468085106386 0.184 0.4787234042553192 0.192 0.48936170212765956 0.194 0.48936170212765956 0.196 0.4920212765957447 0.256 0.4920212765957447 0.258 0.48936170212765956 0.296 0.48936170212765956 0.3 0.48404255319148937 0.3 0.3484042553191489 0.296 0.34308510638297873 
3 0.58 0.3377659574468085 0.576 0.34308510638297873 0.576 0.4654255319148936 0.58 0.47074468085106386 0.622 0.47074468085106386 0.624 0.4734042553191489 0.638 0.4734042553191489 0.64 0.47074468085106386 0.652 0.47074468085106386 0.654 0.46808510638297873 0.656 0.46808510638297873 0.66 0.4627659574468085 0.66 0.3617021276595745 0.654 0.3537234042553192 0.652 0.3537234042553192 0.648 0.3484042553191489 0.646 0.3484042553191489 0.644 0.34574468085106386 0.642 0.34574468085106386 0.64 0.34308510638297873 0.63 0.34308510638297873 0.628 0.3404255319148936 0.594 0.3404255319148936 0.592 0.3377659574468085 
3 0.34 0.3351063829787234 0.338 0.3377659574468085 0.336 0.3377659574468085 0.332 0.34308510638297873 0.324 0.34308510638297873 0.32 0.3484042553191489 0.32 0.43617021276595747 0.322 0.43882978723404253 0.322 0.4734042553191489 0.326 0.4787234042553192 0.338 0.4787234042553192 0.342 0.4734042553191489 0.342 0.449468085106383 0.346 0.4441489361702128 0.354 0.4441489361702128 0.358 0.43882978723404253 0.358 0.3404255319148936 0.354 0.3351063829787234 
3 0.428 0.3324468085106383 0.426 0.3351063829787234 0.368 0.3351063829787234 0.364 0.3404255319148936 0.364 0.4734042553191489 0.368 0.4787234042553192 0.376 0.4787234042553192 0.378 0.47606382978723405 0.422 0.47606382978723405 0.424 0.4734042553191489 0.49 0.4734042553191489 0.492 0.47074468085106386 0.554 0.47074468085106386 0.556 0.4734042553191489 0.566 0.4734042553191489 0.57 0.46808510638297873 0.57 0.3537234042553192 0.568 0.35106382978723405 0.568 0.34308510638297873 0.564 0.3377659574468085 0.532 0.3377659574468085 0.53 0.3404255319148936 0.518 0.3404255319148936 0.514 0.34574468085106386 0.512 0.34574468085106386 0.508 0.35106382978723405 0.488 0.35106382978723405 0.486 0.3484042553191489 0.482 0.3484042553191489 0.478 0.34308510638297873 0.476 0.34308510638297873 0.474 0.3404255319148936 0.472 0.3404255319148936 0.47 0.3377659574468085 0.466 0.3377659574468085 0.464 0.3351063829787234 0.462 0.3351063829787234 0.46 0.3324468085106383 
3 0.742 0.39893617021276595 0.738 0.40425531914893614 0.738 0.43351063829787234 0.742 0.43882978723404253 0.75 0.43882978723404253 0.754 0.43351063829787234 0.754 0.40425531914893614 0.75 0.39893617021276595 
3 0.68 0.35638297872340424 0.676 0.3617021276595745 0.676 0.4601063829787234 0.68 0.4654255319148936 0.704 0.4654255319148936 0.706 0.4627659574468085 0.714 0.4627659574468085 0.716 0.4654255319148936 0.724 0.4654255319148936 0.726 0.4627659574468085 0.728 0.4627659574468085 0.732 0.4574468085106383 0.732 0.45478723404255317 0.734 0.4521276595744681 0.734 0.3670212765957447 0.73 0.3617021276595745 0.722 0.3617021276595745 0.718 0.3670212765957447 0.718 0.375 0.714 0.3803191489361702 0.712 0.3776595744680851 0.712 0.375 0.71 0.3723404255319149 0.71 0.36436170212765956 0.706 0.35904255319148937 0.702 0.35904255319148937 0.7 0.35638297872340424 
3 0.202 0.34308510638297873 0.2 0.34574468085106386 0.198 0.34574468085106386 0.19 0.35638297872340424 0.19 0.3617021276595745 0.188 0.36436170212765956 0.188 0.3723404255319149 0.186 0.375 0.186 0.39095744680851063 0.184 0.39361702127659576 0.184 0.425531914893617 0.182 0.42819148936170215 0.182 0.46808510638297873 0.184 0.47074468085106386 0.184 0.4787234042553192 0.192 0.48936170212765956 0.194 0.48936170212765956 0.196 0.4920212765957447 0.256 0.4920212765957447 0.258 0.48936170212765956 0.296 0.48936170212765956 0.3 0.48404255319148937 0.3 0.3484042553191489 0.296 0.34308510638297873 
3 0.58 0.3377659574468085 0.576 0.34308510638297873 0.576 0.4654255319148936 0.58 0.47074468085106386 0.622 0.47074468085106386 0.624 0.4734042553191489 0.638 0.4734042553191489 0.64 0.47074468085106386 0.652 0.47074468085106386 0.654 0.46808510638297873 0.656 0.46808510638297873 0.66 0.4627659574468085 0.66 0.3617021276595745 0.654 0.3537234042553192 0.652 0.3537234042553192 0.648 0.3484042553191489 0.646 0.3484042553191489 0.644 0.34574468085106386 0.642 0.34574468085106386 0.64 0.34308510638297873 0.63 0.34308510638297873 0.628 0.3404255319148936 0.594 0.3404255319148936 0.592 0.3377659574468085 
3 0.34 0.3351063829787234 0.338 0.3377659574468085 0.336 0.3377659574468085 0.332 0.34308510638297873 0.324 0.34308510638297873 0.32 0.3484042553191489 0.32 0.43617021276595747 0.322 0.43882978723404253 0.322 0.4734042553191489 0.326 0.4787234042553192 0.338 0.4787234042553192 0.342 0.4734042553191489 0.342 0.449468085106383 0.346 0.4441489361702128 0.354 0.4441489361702128 0.358 0.43882978723404253 0.358 0.3404255319148936 0.354 0.3351063829787234 
3 0.428 0.3324468085106383 0.426 0.3351063829787234 0.368 0.3351063829787234 0.364 0.3404255319148936 0.364 0.4734042553191489 0.368 0.4787234042553192 0.376 0.4787234042553192 0.378 0.47606382978723405 0.422 0.47606382978723405 0.424 0.4734042553191489 0.49 0.4734042553191489 0.492 0.47074468085106386 0.554 0.47074468085106386 0.556 0.4734042553191489 0.566 0.4734042553191489 0.57 0.46808510638297873 0.57 0.3537234042553192 0.568 0.35106382978723405 0.568 0.34308510638297873 0.564 0.3377659574468085 0.532 0.3377659574468085 0.53 0.3404255319148936 0.518 0.3404255319148936 0.514 0.34574468085106386 0.512 0.34574468085106386 0.508 0.35106382978723405 0.488 0.35106382978723405 0.486 0.3484042553191489 0.482 0.3484042553191489 0.478 0.34308510638297873 0.476 0.34308510638297873 0.474 0.3404255319148936 0.472 0.3404255319148936 0.47 0.3377659574468085 0.466 0.3377659574468085 0.464 0.3351063829787234 0.462 0.3351063829787234 0.46 0.3324468085106383 
3 0.742 0.39893617021276595 0.738 0.40425531914893614 0.738 0.43351063829787234 0.742 0.43882978723404253 0.75 0.43882978723404253 0.754 0.43351063829787234 0.754 0.40425531914893614 0.75 0.39893617021276595 
3 0.68 0.35638297872340424 0.676 0.3617021276595745 0.676 0.4601063829787234 0.68 0.4654255319148936 0.704 0.4654255319148936 0.706 0.4627659574468085 0.714 0.4627659574468085 0.716 0.4654255319148936 0.724 0.4654255319148936 0.726 0.4627659574468085 0.728 0.4627659574468085 0.732 0.4574468085106383 0.732 0.45478723404255317 0.734 0.4521276595744681 0.734 0.3670212765957447 0.73 0.3617021276595745 0.722 0.3617021276595745 0.718 0.3670212765957447 0.718 0.375 0.714 0.3803191489361702 0.712 0.3776595744680851 0.712 0.375 0.71 0.3723404255319149 0.71 0.36436170212765956 0.706 0.35904255319148937 0.702 0.35904255319148937 0.7 0.35638297872340424 
3 0.202 0.34308510638297873 0.2 0.34574468085106386 0.198 0.34574468085106386 0.19 0.35638297872340424 0.19 0.3617021276595745 0.188 0.36436170212765956 0.188 0.3723404255319149 0.186 0.375 0.186 0.39095744680851063 0.184 0.39361702127659576 0.184 0.425531914893617 0.182 0.42819148936170215 0.182 0.46808510638297873 0.184 0.47074468085106386 0.184 0.4787234042553192 0.192 0.48936170212765956 0.194 0.48936170212765956 0.196 0.4920212765957447 0.256 0.4920212765957447 0.258 0.48936170212765956 0.296 0.48936170212765956 0.3 0.48404255319148937 0.3 0.3484042553191489 0.296 0.34308510638297873 
3 0.58 0.3377659574468085 0.576 0.34308510638297873 0.576 0.4654255319148936 0.58 0.47074468085106386 0.622 0.47074468085106386 0.624 0.4734042553191489 0.638 0.4734042553191489 0.64 0.47074468085106386 0.652 0.47074468085106386 0.654 0.46808510638297873 0.656 0.46808510638297873 0.66 0.4627659574468085 0.66 0.3617021276595745 0.654 0.3537234042553192 0.652 0.3537234042553192 0.648 0.3484042553191489 0.646 0.3484042553191489 0.644 0.34574468085106386 0.642 0.34574468085106386 0.64 0.34308510638297873 0.63 0.34308510638297873 0.628 0.3404255319148936 0.594 0.3404255319148936 0.592 0.3377659574468085 
3 0.34 0.3351063829787234 0.338 0.3377659574468085 0.336 0.3377659574468085 0.332 0.34308510638297873 0.324 0.34308510638297873 0.32 0.3484042553191489 0.32 0.43617021276595747 0.322 0.43882978723404253 0.322 0.4734042553191489 0.326 0.4787234042553192 0.338 0.4787234042553192 0.342 0.4734042553191489 0.342 0.449468085106383 0.346 0.4441489361702128 0.354 0.4441489361702128 0.358 0.43882978723404253 0.358 0.3404255319148936 0.354 0.3351063829787234 
3 0.428 0.3324468085106383 0.426 0.3351063829787234 0.368 0.3351063829787234 0.364 0.3404255319148936 0.364 0.4734042553191489 0.368 0.4787234042553192 0.376 0.4787234042553192 0.378 0.47606382978723405 0.422 0.47606382978723405 0.424 0.4734042553191489 0.49 0.4734042553191489 0.492 0.47074468085106386 0.554 0.47074468085106386 0.556 0.4734042553191489 0.566 0.4734042553191489 0.57 0.46808510638297873 0.57 0.3537234042553192 0.568 0.35106382978723405 0.568 0.34308510638297873 0.564 0.3377659574468085 0.532 0.3377659574468085 0.53 0.3404255319148936 0.518 0.3404255319148936 0.514 0.34574468085106386 0.512 0.34574468085106386 0.508 0.35106382978723405 0.488 0.35106382978723405 0.486 0.3484042553191489 0.482 0.3484042553191489 0.478 0.34308510638297873 0.476 0.34308510638297873 0.474 0.3404255319148936 0.472 0.3404255319148936 0.47 0.3377659574468085 0.466 0.3377659574468085 0.464 0.3351063829787234 0.462 0.3351063829787234 0.46 0.3324468085106383 
3 0.742 0.39893617021276595 0.738 0.40425531914893614 0.738 0.43351063829787234 0.742 0.43882978723404253 0.75 0.43882978723404253 0.754 0.43351063829787234 0.754 0.40425531914893614 0.75 0.39893617021276595 
3 0.68 0.35638297872340424 0.676 0.3617021276595745 0.676 0.4601063829787234 0.68 0.4654255319148936 0.704 0.4654255319148936 0.706 0.4627659574468085 0.714 0.4627659574468085 0.716 0.4654255319148936 0.724 0.4654255319148936 0.726 0.4627659574468085 0.728 0.4627659574468085 0.732 0.4574468085106383 0.732 0.45478723404255317 0.734 0.4521276595744681 0.734 0.3670212765957447 0.73 0.3617021276595745 0.722 0.3617021276595745 0.718 0.3670212765957447 0.718 0.375 0.714 0.3803191489361702 0.712 0.3776595744680851 0.712 0.375 0.71 0.3723404255319149 0.71 0.36436170212765956 0.706 0.35904255319148937 0.702 0.35904255319148937 0.7 0.35638297872340424 
3 0.202 0.34308510638297873 0.2 0.34574468085106386 0.198 0.34574468085106386 0.19 0.35638297872340424 0.19 0.3617021276595745 0.188 0.36436170212765956 0.188 0.3723404255319149 0.186 0.375 0.186 0.39095744680851063 0.184 0.39361702127659576 0.184 0.425531914893617 0.182 0.42819148936170215 0.182 0.46808510638297873 0.184 0.47074468085106386 0.184 0.4787234042553192 0.192 0.48936170212765956 0.194 0.48936170212765956 0.196 0.4920212765957447 0.256 0.4920212765957447 0.258 0.48936170212765956 0.296 0.48936170212765956 0.3 0.48404255319148937 0.3 0.3484042553191489 0.296 0.34308510638297873 
3 0.58 0.3377659574468085 0.576 0.34308510638297873 0.576 0.4654255319148936 0.58 0.47074468085106386 0.622 0.47074468085106386 0.624 0.4734042553191489 0.638 0.4734042553191489 0.64 0.47074468085106386 0.652 0.47074468085106386 0.654 0.46808510638297873 0.656 0.46808510638297873 0.66 0.4627659574468085 0.66 0.3617021276595745 0.654 0.3537234042553192 0.652 0.3537234042553192 0.648 0.3484042553191489 0.646 0.3484042553191489 0.644 0.34574468085106386 0.642 0.34574468085106386 0.64 0.34308510638297873 0.63 0.34308510638297873 0.628 0.3404255319148936 0.594 0.3404255319148936 0.592 0.3377659574468085 
3 0.34 0.3351063829787234 0.338 0.3377659574468085 0.336 0.3377659574468085 0.332 0.34308510638297873 0.324 0.34308510638297873 0.32 0.3484042553191489 0.32 0.43617021276595747 0.322 0.43882978723404253 0.322 0.4734042553191489 0.326 0.4787234042553192 0.338 0.4787234042553192 0.342 0.4734042553191489 0.342 0.449468085106383 0.346 0.4441489361702128 0.354 0.4441489361702128 0.358 0.43882978723404253 0.358 0.3404255319148936 0.354 0.3351063829787234 
3 0.428 0.3324468085106383 0.426 0.3351063829787234 0.368 0.3351063829787234 0.364 0.3404255319148936 0.364 0.4734042553191489 0.368 0.4787234042553192 0.376 0.4787234042553192 0.378 0.47606382978723405 0.422 0.47606382978723405 0.424 0.4734042553191489 0.49 0.4734042553191489 0.492 0.47074468085106386 0.554 0.47074468085106386 0.556 0.4734042553191489 0.566 0.4734042553191489 0.57 0.46808510638297873 0.57 0.3537234042553192 0.568 0.35106382978723405 0.568 0.34308510638297873 0.564 0.3377659574468085 0.532 0.3377659574468085 0.53 0.3404255319148936 0.518 0.3404255319148936 0.514 0.34574468085106386 0.512 0.34574468085106386 0.508 0.35106382978723405 0.488 0.35106382978723405 0.486 0.3484042553191489 0.482 0.3484042553191489 0.478 0.34308510638297873 0.476 0.34308510638297873 0.474 0.3404255319148936 0.472 0.3404255319148936 0.47 0.3377659574468085 0.466 0.3377659574468085 0.464 0.3351063829787234 0.462 0.3351063829787234 0.46 0.3324468085106383 
